0 383 886
1 777 915
2 793 335
3 386 492
4 649 421
5 362 27
6 690 59
7 763 926
8 540 426
9 172 736
10 211 368
11 567 429
12 782 530
13 862 123
14 67 135
15 929 802
16 22 58
17 69 167
18 393 456
19 11 42
20 229 373
21 421 919
22 784 537
23 198 324
24 315 370
25 413 526
26 91 980
27 956 873
28 862 170
29 996 281
30 305 925
31 84 327
32 336 505
33 846 729
34 313 857
35 124 895
36 582 545
37 814 367
38 434 364
39 43 750
40 87 808
41 276 178
42 788 584
43 403 651
44 754 399
45 932 60
46 676 368
47 739 12
48 226 586
49 94 539
50 795 570
51 434 378
52 467 601
53 97 902
54 317 492
55 652 756
56 301 280
57 286 441
58 865 689
59 444 619
60 440 729
61 31 117
62 97 771
63 481 675
64 709 927
65 567 856
66 497 353
67 586 965
68 306 683
69 219 624
70 528 871
71 732 829
72 503 19
73 270 368
74 708 715
75 340 149
76 796 723
77 618 245
78 846 451
79 921 555
80 379 488
81 764 228
82 841 350
83 193 500
84 34 764
85 124 914
86 987 856
87 743 491
88 227 365
89 859 936
90 432 551
91 437 228
92 275 407
93 474 121
94 858 395
95 29 237
96 235 793
97 818 428
98 143 11
99 928 529